0	1	2	3	3	4	3	1	5	6	7	7	8	9	10
11	11	11	11	11	11	11	11	11	11
6	12	13	5	5	14	14	1	15	16	17	17	12
18	19	20	21	16	16	16	22	23	22	21
24	25	26	26	27	28	28	28	29	4	30	26	31	32	6	27	24	26	33	27	28	27	34	35	36	28	31	31	17	37	30	27	27	27	1	31	31	38	31	31	28	24	39	39	40	24	24	28	31	31	31	41	28	27	6	6	24	6	6
42	14	43	44	45	46	46	46	47	46	48	15	49	50	50	51	52	42	53	42	54	55	55	55	56	57	58	59	60	61	62	42	63	64	63	42	42	42	42	42	65	44	66	14	42	42	67	7	68	68	69	69	42	42	42	1	9	42	70	71	70	70	70	70	72	73	74	14	75	14	44	43	76	59	14	14	77	1	78	79
80	81	82	83	84	1	17	15	85	55	8	15	86	87	5	88	89	90	91	29	92	7	93	3	3	94	94	95	96	96	97	38	98	99	100	16	101	102	103	104	105	106	107	108	109	109	110	111	112	70	113	114	115	15	116
117	118	119	10	5	5	3	120	3	119	15	10	14	15	119	3
121	59	48	80	89	73	89	122	123	89	116	6	58	1
124	125	126	124	124	124	124	127	27	124	27	42	128
129	8	8	130	131	132	131	131	89	89	131	133	134	135	131	131
89	73	5	9	90	17	136	136	137	52	138	12	137	137	5	139	140	141	142	143	138
144	144	144	144	144	144	144	144	144	144	144	144	145	144	144	144	144	144	144	144	144	144	144	144
146	56	147	49	49	4	15	80	148	4	8	56	49	4	149	137	81	8	8	17
150	151	151	151	152	151	140	153	153	153
154	155	156	156	156	156	156	156	157	158	156	7	159	160	160	161	70	162	163	156	156	159	164	165
4	166	167	168	167	169	94	94	170	94	169	171	172	173	174	94	175	109	176	167	19	167	177	178	179	163	180	181	167	161	181	182	167	183	184	185	34	186
9	9	9	9	9	5	9	80	187	1	9	9	5	9
188	189	190	191	192	193	194	195	196	197	10	15	198	199	200	201	198	202	203	204	205	206	207	208	209	210	15	211	212	213	214	215	216	216	217	218	219	220	221	222	223	25	15	141	224	225	226	3	69	227	228	229	208	25	230	108	231	232	233	25	234	84	235	236	237	120	238	239	81	240	241	242	241	243	241	244	245	223	246	247	248	141	249	229	250
251	251	252	253	254	255	256	110	257	258	259	251	260
261	262	140	92	263	264	10	10	265	14	266	267	6	5	12	5	5	268	269	270	16	3	16	271	14	16	12	265	272	273	7	274	12	16	269	92	268	12	16	275	12	10	5	16	6	6	6	6	6	12	5	5
90	276	9	1	80	15	121	90	90	90	1	9	5	90	276	9	277	9	81
278	279	279	280	281	282	236	283	10	279	284	285	286	287	288	287	279	279	289	290	37
15	291	1	72	70	70	292	291	15	291	293	294	295	296	297	294	34	34	294	298	299	300	15	39	301	302	302	302	303	137	137	304	302	294	116	28	137	137	305	306	294	307	15	89	308	17	17	3	231	231	109	309	109	294	299	3	310	311	312	297	313	314	315
316	317	318	17	16	44	319	320	44	321	317	1	322	252	322
323	324	324	252	325	325	252	252	252	252	252	326	16	16	16	16	16	16	16	133	169	327	42	169	252	1	328	169	329	329	329	329	330	330	237	237	328	328	77	72	1	328	328	169	331	140	140	140	328	180	180	332	109	109	109	333	5	48	180	169	109	109	332
334	5	335	336	337	338	337	8	5	5	44	339	299	339	340	341	14	14	12	12	180	89	342	83	343	14	344	14	14	64	5	345	345	5	345	345	89	14	84	165	14	81	343	147	14	14	83	343	80	343	343	346	77	77	347	348	14	89	89	89	89	89	14	7	83	349	349	89	16	63	7	7	7	8	14	345	345	345	6
141	350	351	352	350	350	350	350	352	15	352	9	1	48	353	353
142	161	354	355	44	356	357	358	128	128	359	360	137	361	362	363	180	140	364	365	15	366	367	15	368	369	370	109	363	89	89	364	371
31	137	372	31	372	372	372	372	31	373	225	6	374	12	9	180	375	375	375	376	16	6	95	95
14	81	377	377	5	295	1	141	84	81
89	378	89	165	5	379	5	380	49	378	48	381	10	4	382	383	10	128	384	385	17	386	48	387	77	48	388	165	14	352	147	383	29	17	389	31	5	390	10	17	391	12	392	393	394	44	378	395	396
59	15	397	398	398	398	70	70	399	12	400	401	402
9	403	404	405	15	399	406	274	407	1	405	403
408	408	9	409	410	411	412	9	4	408	408	408	25	15	15	15	15	15	15	15	15	15	9	9	9	9	9	9	15	15	15	15	15	413	414	25	415	15	416	417	418	412	412	412	412	25	419	420	420	299	4	81	81	15	14	4	142	142	8	421
9	9	422	423	1	141	10	10	10	202	315	315	1
424	116	17	17	425	1	426	328	378	427	5	5	116	428	7	305	305
15	15	429	15	430	41	15	15	431	432	49	19	15	294	432	433	434	435	48
436	437	438	439	440	5	441	442	443	444	117	445	446	447	447
81	81	448	449	450	223	451	223	452	223	453	453	453	453	454	455	243	456	457	223	31	458	459	243	243	460	243	461	462	463	464
465	31	466	467	468	10	81	213	398	398	17	15
5	5	426	84	84	414	414	64	33	469	223	261	261	470	471	5	472	473
474	475	476	477	478	479	480	137	481	48	116	16	479	482	483	484	14	485	486	6	10	487	479	389	25	488	488
9	4	129	142	142	489	489	489	489	15	15	33	490	3	491	5	80	84	15	15	15	15	99	15	15	129	169	492	492	49	77	200	200	169	169	1	493	31	31	118	129	292	48	332	169	169	315	169	0	481	169	494	9	48	495	15	129	129
496	496	81	81	81	81	81	81	81	81	81	81
80	497	498	90	499	428	3	447	500	501	502
503	408	504	504	505	504	504	81	59	504	506	507	508	506	509	504	503	503	510	510	503	503	503	511	503	512	180	5	81	503	503	89	503	503	503	503	503	31	513	84	1
514	173	515	343	343	516	517	517	416	416	412	412
33	14	91	91	425	9	142	25	506	506	80	1	518
84	15	15	519	520	521	1	522	89	6	6	6	6	6
34	268	523	15	524	525	182	523	526	15	527	3	12	5
16	528	529	58	530	531	531	531	532	376	533	533	534	531	535	375	536	537	145	508	145	145	167	465	538	539	537	540
5	5	4	84	15	15	528	9	9	80	375
541	542	541	541	541	6	52	541	541	541	541	543	543	544	544	545	545	545
137	137	137	137	137	137	137	137	299	299	546	547	222	137	137	31	548	549	137	137	137	137	137	137	137	89	137	137	550	137	137	137	137	137	137	81	81	81	0	137	0
328	84	328	15	425	5	408	328	551	84
160	17	552	552	553	554	552	555	525	44	556	140	557	558	348	559	560	89	561	555	562	432	6	6	6	160	558	281	549	348	563	564	549	223	7	116	561	6	549	89	565	566	137	137	567
278	568	569	570	571	572	573	574	575	576	577	578	571	525	579	281	580	581	582	582	582	583
73	169	109	73	169	584	310	29	585	54	585	586
587	588	141	141	141	141	141	589	589	335	335	335	335	335	588	590	372	124	372	591	592	372	28	593	591	594	594	595	81	596	124	597	408	598	473	28	124	447	124	597	26	124	597	124	599	599	31	124	124	600	28	601
602	142	603	604	348	3	109	523	34	605	180	523	180	606	48	48	48	523	180	494	607	608
609	27	29	327	610	180	611	558	558	124	73	89	612
613	614	81	35	89	89	124	59	615	545
298	616	616	616	617	81	81	98	98	618	90	90	425	291	34	619	618	15	620	620	390	618	48	89
335	142	409	409	15	9	270	518	81	621	518	9	15	142	408	9	142	9	620	81	222
25	492	341	73	163	622	622	147	623	10	624	89
625	1	412	625	626	9	5	408	274	14
15	292	627	628	628	202	31	481	52	223	80	390	29	52	3	142	5	48	223	629	630	25	3	223	48	25	631	632	449	140	142
153	328	479	15	109	13	5	5	620	252	1	328	77	633	633	633
634	635	19	390	636	637	637	637	163	638	425	639	639	165	7
9	316	84	640	641	642	95	109	643	96	64	608	642	644	390	618	63	47	73	463	109	180	49	84
9	14	9	645	9	33	318	318	646	90	81
109	89	89	647	558	648	649	271	609	555	6	606	650
148	299	148	148	651	644	15	652	479	148	148	653	89	148	89	654	654	655	652	652
656	657	14	140	658	659	412	660	140	658	661	662	663	140	140	664	140	140	140	665	140	140	140	140	4	666
408	408	15	351	83	9	9	467	390	667	17	287	668	391	33	33	14	15	17	669	16	411	117	670	411	467
116	9	9	671	672	1	673	425	674	675	81	148	148	479	674	479	180	676	116	425
109	12	89	81	677	89	678	7	348	109	89
5	679	5	9	680	681	682	17	9	28	6	28	6	6	6	6	6	6
180	1	15	83	77	180	5	299	299	165	683	15
9	684	685	378	64	686	687	146	459	16	688	689	688
690	690	690	690	690	690	690	690	690	690	690	690
691	691	691	691	691	692	692	692	692	691	692	309	692	692	692	692	692	309
528	528	298	693	694	3	695	696	696	696	692	142	5	76
697	697	697	697	697	697	697	697	697	697	697	697	697	697	697	697	697	697	697	697	697	697	697
16	698	141	9	141	699	332	675	700	48	332	332	332	701	701	701	702	702	141	400	400
9	81	81	703	704	705	706	707	707	708	10	703	709	709	12
710	711	171	712	713	359	714	715	716	717
1	718	269	269	719	720	15	3	520	721	81	438	722	92	723	29	724	29	5	31	725	725	3	3	3	620	3	4	81	620	318	6	89	726	9	727	89	728	729	729	730	15	237	262	731	499	499	720	720	332	732	74
80	733	426	81	426	1	81	734	733	318	4	81	81	734	59	14
165	165	165	735	736	736	736	165	736	438	736	737	736
121	9	90	616	14	80	80	80	15	15	15	15	15	80	520	9
12	12	12	12	738	81	739	740	741	741	17	7	7	7	647	742	742	742	6	7	7	7
743	744	744	215	745	745	746	747	73	748	749	408	750	446	265	497	497	751	752	752	276	276	284	284	81
753	117	4	4	3	3	3	603	603	754
755	59	756	756	271	15	15	523	48	523	77	523	89	757	494
758	1	759	17	89	7	5	89	400	298
10	89	401	3	5	760	761	17	83	5	4	9
523	762	48	10	260	110	763	762	16	764	523	15	523	17	765	766	495	767	762	17	523	315	768	7	7	25	15	762	769	16	523	770	439	771	523
83	83	772	29	29	29	587	587	773	510	510	510	510	510	774	775	695	142	83	409	425	425	408	425	776	425	409	14	390	48	15	777